PRPG_Poly	SRSG_Poly	MISR_Poly	SISA_Poly	ClockCount
0011010100100100 0101111010000001 100001001101011000001001 0101011001100011    20
0111101100001101 1001100110001101 110000101000010001100101 0101001000010010    20
1110001100000001 1100110100001101 001000111111000101110110 1100110100111101    20
0101011111101101 1111011110001100 111111011110100111111001 0010010011000110    20
1000010011000101 1101001010101010 101011111111011111100101 0111001001110111    20
1101011000010010 1101101110001111 001100000110100111110010 1001011011001110    20
0111101011101000 0100111011000101 010110000100100101011100 0010100010111101    20
0101100000101101 0010011001100101 111011110110001001100011 1000011100001010    20
0010001010000000 0010000100100000 011110000100010110101010 1100110010011101    20
0011111010010110 1011100000010011 101111000011100000001101 1101011001010011    20
1101110101101011 0010101011010101 000101110100101000000010 0011111010101110    20
1110100100011101 0111001011001111 100001000100100100100011 0110010100001010    20
0000101011001010 0100110000111100 011010001011110111110010 0110000110001010    20
1011001101000001 0011010011011000 001000001111001101111000 0001001010001001    20
0000110111101011 0110010110110110 010010111111100111000110 0001001110101110    20
0000001010111100 1101110100101010 110101111001101000001011 1011111001110001    20
0100000110000101 0101010101001111 110011000110000000111011 0011001100111010    20
0011001001111110 0100101100010101 110110011001101111110001 0100101111011001    20
0000011101100010 1111101101001100 101000010101010110011111 1010000110001111    20
1010100111111000 0110000010110111 110001000101011010011111 1001010001011100    20
1100000001011011 0011011110001001 101011100011001001001001 0011111011010000    20
1100000011010111 1111110001010001 001000010010111110010110 0111111100001100    20
1100111011000010 1110110111001000 100000100101101001110111 1110110100111101    20
1101101100010010 0000000001111110 111001011000000101101101 1110011100111001    20
1000111100011111 1111011011010011 110110010010111110000101 1000100001111000    20
0101100101011011 0100101101001001 111100101010111000111111 1010111100101010    20
0110001101011000 0011100010000110 000110100000110010001110 1111001010011100    20
1001100111111010 1011110000100110 100101100001011101110011 1011010010100011    20
1010100000101111 1001001010110011 110110000101011001011111 0000110101000100    20
1111110111110111 0011011011001011 000010010001101011100110 1101101101011010    20
1100000100101001 1110001011101101 010100110110110011011010 1011011001100101    20
1110001010110101 1001010011011111 111100010001100101111001 1111111101000100    20
0000110011010000 0000101100101010 111101101010110110101011 1100111100001110    20
1010110111011100 1011110010011010 110111110111001011111101 0000001011000011    20
1110110101010110 1110100101001110 110110010111011001100111 0011010000001010    20
1011100110110110 1000101000111000 110100011000011101111001 1100010010111000    20
1011111110010100 0101110110010011 001111110010110000000100 1100101001011001    20
0110100111011011 1101111001001101 101100001011011111011001 0010011001101101    20
1110001001110110 0100100111001010 000101110010110110110110 0111000110010101    20
0001101001000110 1001101100000100 110100100110000111110111 0000011101101001    20
1011101010110100 1000110110001000 011111001101100100101000 0000010000101101    20
0011000011000111 1001110000101110 011101111110010000001000 0100010100011100    20
1010011011111101 0000011100101001 001101111001000000011100 0110011110000110    20
0000100011011010 1100011000111101 010011101010011101100110 1100010001110000    20
0000010001110011 1001100110111010 001110101011001101011110 0111100111111010    20
0000010111010101 1111011000011010 111100000000000010111001 0110000100110111    20
0011011110010110 0010000111000000 001001011001111100100110 0001101010110110    20
1000001101111101 0000111111011100 011000010101011110000110 1111111101111000    20
1001101101111110 1000000011011011 110000111011011011001111 0010101101111001    20
1110010011111010 1110111001100001 100101000000100100010111 0111100010100001    20
1001000110000110 1001011001010000 100011000101100111110101 1000100000110101    20
1000101000101001 0111010111000001 111001010111010011000101 1011010010011000    20
0111101101001011 0100001001110011 001000101110011011101100 0001011010001010    20
1101000101001110 1000000010101000 100111101111110110101001 1000110010100001    20
1011100100001110 0110011011100110 110101101100000010011111 1011010100101010    20
0001110100101010 1111010010001101 011101011111111110011110 1110011000111000    20
1010100001111001 1110001111001000 001000110100010111001010 0100000100010011    20
1100100101101011 1010111011000111 000010111101110110110110 1001110110111010    20
1010101111000100 1001010110111001 001011111101001110010010 1001101010110100    20
0011101101111111 1001000010000110 011011011111010111111010 1001010011110010    20
0010000100110010 0101111010111101 010011111100110110000100 1010010011100100    20
1100111111001010 0111100110101001 100101011010100010100001 1010100110001110    20
0110101011111011 0001111000001011 100000101001000011101111 0011110111001001    20
1110010100110110 0100100001110101 111010000101011010001111 1011111101101011    20
1110011110001000 1011010010101110 111100111000000110011011 0100010110010010    20
1101111100101000 1110000000101101 101101110101111101001011 1011000011000010    20
1111011000011110 0000010100001101 011110011111110111101100 1001110100011000    20
0001101111010001 0001110010000110 110000000010010001000001 0110010000111011    20
1111100111011000 1110100101010011 000110010110001001010110 0010001001011011    20
1111101011100010 1110001000000100 101011000000001101110011 1011010011011000    20
0100110100010010 0100010010111000 100000010001001000111001 1011011011100101    20
1101110010100001 0000111100101011 100100000101110110000001 1000010111001000    20
0101010100100111 1111100110100001 100011000110111000011111 0011101000000100    20
0010001101011000 1000000010010110 011011101001001100010100 1011010000010010    20
0111000010010110 1110001010110001 110000101101010101010101 1000111011101101    20
0010101100101011 0001101111110101 101101000000001110101101 0010001000100111    20
1111111110000100 1110010010100111 110101111010011011100111 1001000010111001    20
0101011001001001 1011101111011011 101110100000111111001001 1011000101010001    20
0101111010100001 1101110100101010 001010100100010111111010 0010000001000101    20
0000010110000011 0100001001111100 010001100001010001110010 0011110011111110    20
1111001001101000 1010101001101111 010001100000110110000110 0010000111110000    20
1001011100111000 1001000101000000 000010010111011000101000 1010100111110110    20
0001101011000101 0011000111000000 011000100101111101110100 0111000100111001    20
0110101010110000 1000011100111100 001000011001001100101010 1101001101100010    20
0011010100010101 0100111011100001 111000101001110100010111 1110111001000011    20
1110001111001001 0000010010000110 100101111100101100100101 1001110111000001    20
1010001010001101 1110001001011010 110101100010011100000111 0111101100101100    20
0101110100001100 1110011001110001 111000010111110000111011 1110010110110110    20
1100001011110111 1100111010011110 011110000101100001011100 1111011101010101    20
0011101000100000 0001001010100000 011000000000100101110010 1000110010110100    20
1111010111011101 1111000000001101 101100001001100101001011 0100001001111001    20
1101101010011110 0110010011111101 111000001101001001111011 0111001110001111    20
1001101000000011 0010100111100011 100100100100001100011101 0011110110110001    20
1001111101000100 1011110010010101 000111010011010011100000 0111100011101101    20
0001010101010010 0101101111111000 110111001011011110001101 1100010001010010    20
1110011110000100 1111110101000110 001110101001001010001100 0111110110010000    20
1100000100010111 0110000101101010 011110110101011110000100 1011110010101010    20
0000111101111100 0000001001100000 010010100100110110111010 0110000010001011    20
1111111010100110 0001111000100101 000001011000001100110010 0000010010100010    20
0111110001001001 1011000000010100 110010011100000000111101 0000001101001011    20
